; TATA_disc1 TAF1_GM12878_encode-Myers_seq_hsa_r1:MDscan#2#Intergenic
A |	0.291667	0.0	0.0	0.0	1.0	0.0	0.083333	0.104167	0.0	0.145833	
C |	0.583333	0.0	0.958333	1.0	0.0	0.0	0.4375	0.041667	0.0	0.145833	
G |	0.0625	0.958333	0.0	0.0	0.0	0.0625	0.166667	0.041667	0.0	0.625001	
T |	0.0625	0.041667	0.041667	0.0	0.0	0.9375	0.3125	0.812499	1.0	0.083333	
//
; TATA_disc5 TAF1_K562_encode-Myers_seq_hsa_v041610.1_r1:Trawler#3#Intergenic
A |	1.0	1.0	0.0	0.0	0.0	0.318182	1.0	0.590909	
C |	0.0	0.0	0.0	1.0	0.0	0.0	0.0	0.090909	
G |	0.0	0.0	1.0	0.0	1.0	0.681818	0.0	0.227273	
T |	0.0	0.0	0.0	0.0	0.0	0.0	0.0	0.090909	
//
; TATA_disc8 TAF1_HeLa-S3_encode-Myers_seq_hsa_r1:Weeder#3#Intergenic
A |	0.080074	0.096834	0.057728	0.631285	0.711359	0.065177	0.07635	0.085661	0.072626	0.065177	
C |	0.756052	0.078212	0.054004	0.180633	0.10987	0.104283	0.253259	0.648045	0.096834	0.746741	
G |	0.108007	0.772812	0.877095	0.130354	0.126629	0.780261	0.154562	0.178771	0.759777	0.132216	
T |	0.055866	0.052142	0.011173	0.057728	0.052142	0.050279	0.515829	0.087523	0.070764	0.055866	
//
; TATA_disc10 TAF1_HepG2_encode-Myers_seq_hsa_PCR2x_r1:AlignACE#3#Intergenic
A |	0.0	0.004444	5.56E-4	0.065	0.0	0.235	0.0	0.071667	0.087222	0.0	
C |	0.243889	0.471667	0.663333	0.361667	0.611667	0.335	0.135556	0.716666	0.331111	0.458889	
G |	0.750555	0.440556	0.332222	0.512222	0.387222	0.224444	0.864444	0.203889	0.442222	0.541111	
T |	0.005556	0.083333	0.003889	0.061111	0.001111	0.205556	0.0	0.007778	0.139444	0.0	
//
; TATA_disc2 TAF1_GM12891_encode-Myers_seq_hsa_r1:MDscan#1#Intergenic
A |	0.411765	0.0	0.029412	0.970588	0.205882	0.029412	0.0	0.088235	1.0	0.029412	
C |	0.176471	0.0	0.0	0.0	0.705882	0.058824	0.0	0.911765	0.0	0.352941	
G |	0.382353	0.0	0.882353	0.029412	0.058824	0.764705	0.0	0.0	0.0	0.176471	
T |	0.029412	1.0	0.088235	0.0	0.029412	0.147059	1.0	0.0	0.0	0.441176	
//
; TATA_disc7 TAF1_GM12891_encode-Myers_seq_hsa_r1:MEME#2#Intergenic
A |	0.348	0.412	0.524	0.248	0.328	0.588	0.512	0.228	0.352	0.104	0.228	0.624	0.756	0.256	0.284	
C |	0.092	0.184	0.256	0.004	0.12	0.272	0.084	0.2	0.384	0.08	0.056	0.152	0.0	0.084	0.26	
G |	0.504	0.384	0.196	0.696	0.548	0.14	0.384	0.564	0.092	0.776	0.708	0.224	0.22	0.656	0.2	
T |	0.056	0.02	0.024	0.052	0.004	0.0	0.02	0.008	0.172	0.04	0.008	0.0	0.024	0.004	0.256	
//
; TATA_disc3 TAF1_GM12892_encode-Myers_seq_hsa_v041610.2_r1:Trawler#2#Intergenic
A |	1.0	0.0	0.0	0.0	0.050633	0.670886	0.531646	0.253165	
C |	0.0	1.0	1.0	0.164557	0.177215	0.329114	0.341772	0.227848	
G |	0.0	0.0	0.0	0.835443	0.746835	0.0	0.0	0.392405	
T |	0.0	0.0	0.0	0.0	0.025316	0.0	0.126582	0.126582	
//
