; HEY1_disc1 HEY1_K562_encode-Myers_seq_hsa_r1:MDscan#1#Intergenic
A |	0.0	0.137931	1.0	0.206897	0.051724	0.0	0.0	1.0	0.051724	0.241379	
C |	0.0	0.0	0.0	0.706896	0.0	0.0	1.0	0.0	0.37931	0.465517	
G |	0.0	0.862069	0.0	0.0	0.724138	0.0	0.0	0.0	0.344828	0.172414	
T |	1.0	0.0	0.0	0.086207	0.224138	1.0	0.0	0.0	0.224138	0.12069	
//
; HEY1_disc2 HEY1_K562_encode-Myers_seq_hsa_r1:AlignACE#1#Intergenic
A |	0.05178	0.19822	0.22411	0.0	0.061489	0.205502	0.263754	0.0	0.265372	0.0	0.067961	0.090615	0.0	0.243528	0.0	0.049353	
C |	0.454693	0.307443	0.247573	0.39644	0.587378	0.259709	0.223301	0.508091	0.261327	0.313916	0.572816	0.341424	0.487055	0.260518	0.31068	0.574433	
G |	0.466019	0.291262	0.317152	0.60356	0.351133	0.314725	0.288026	0.491909	0.237864	0.686084	0.359223	0.470874	0.512945	0.272654	0.68932	0.376214	
T |	0.027508	0.203074	0.211165	0.0	0.0	0.220065	0.224919	0.0	0.235437	0.0	0.0	0.097087	0.0	0.223301	0.0	0.0	
//
; HEY1_known1	HEY1_1	HEY1_jolma_DBD_M320
A |	0.130917	0.411324	2.98E-4	0.950456	0.0	0.0	0.0	0.009381	0.09976	0.142301	
C |	0.227981	0.196525	0.99434	0.008542	1.0	0.005364	0.124019	0.00557	0.527861	0.650688	
G |	0.53565	0.359197	8.94E-4	0.035023	0.0	0.994636	0.002616	0.978599	0.113841	0.111744	
T |	0.105452	0.032954	0.004468	0.005979	0.0	0.0	0.873365	0.00645	0.258538	0.095267	
//
