; MA0076.2 ELK4
A|	0.08695652	0.11409396	0.593522	0.0	0.0023344033	0.0	0.0	0.0	0.0	0.0	0.084622115
C|	0.425445	0.5558798	0.042311057	0.7843595	0.0	0.0	1.0	1.0	0.0	0.146192	0.36562592
G|	0.25853518	0.16632624	0.3028888	0.0046688067	0.0	0.0	0.0	0.0	0.8505982	0.82958853	0.19492267
T|	0.22906332	0.16370003	0.061278086	0.2109717	0.9976656	1.0	0.0	0.0	0.14940181	0.024219435	0.3548293
//
; ELK4_2	ELK4_jolma_DBD_M92
A |	0.671011	0.074097	0.060524	0.0	0.0	0.996841	0.819717	0.326864	0.035594	0.271465	
C |	0.055787	0.846037	0.936766	9.98E-4	0.0	0.002438	0.014087	0.029842	0.303084	0.20093	
G |	0.165557	0.065647	0.00271	0.999002	0.986009	0.0	8.47E-4	0.638077	0.044663	0.362769	
T |	0.107645	0.014219	0.0	0.0	0.013991	7.21E-4	0.165349	0.005217	0.616659	0.164836	
//
; ELK4_1	ELK4_jaspar_MA0076.1
A |	0.8	0.0	0.0	0.0	0.0	1.0	0.8	0.2	0.05	
C |	0.05	1.0	1.0	0.0	0.0	0.0	0.0	0.05	0.3	
G |	0.1	0.0	0.0	1.0	1.0	0.0	0.0	0.75	0.0	
T |	0.05	0.0	0.0	0.0	0.0	0.0	0.2	0.0	0.65	
//
