Name	OccurrencesInSearchInputData	SearchInputDataSize	OccurencesInWholeGenome	WholeGenomeSize	Adjusted PValue
hsa05216	13	2340	2600643	3095677412	4.490433E-5
hsa04974	21	2340	8525248	3095677412	1.106343E-3
hsa04976	14	2340	6484841	3095677412	1.529539E-1
hsa04916	18	2340	9879541	3095677412	1.980586E-1
hsa04730	20	2340	12134264	3095677412	3.454201E-1
hsa04610	10	2340	4106399	3095677412	3.769204E-1
hsa04913	10	2340	4502662	3095677412	7.278288E-1
hsa04080	36	2340	28816968	3095677412	8.29635E-1
hsa04724	28	2340	20785659	3095677412	8.409714E-1
hsa04151	39	2340	32882507	3095677412	1E0
hsa03430	5	2340	1529071	3095677412	1E0
hsa05217	8	2340	3643929	3095677412	1E0
hsa04972	17	2340	11409496	3095677412	1E0
hsa05020	7	2340	3059561	3095677412	1E0
hsa05166	24	2340	18707584	3095677412	1E0
hsa00230	23	2340	18048545	3095677412	1E0
hsa04640	9	2340	4828170	3095677412	1E0
hsa00770	5	2340	1850269	3095677412	1E0
hsa04971	14	2340	9535047	3095677412	1E0
hsa03420	6	2340	2721790	3095677412	1E0
hsa03320	8	2340	4324950	3095677412	1E0
hsa04512	15	2340	10716161	3095677412	1E0
hsa04720	16	2340	11908756	3095677412	1E0
hsa04713	20	2340	16079809	3095677412	1E0
hsa05032	19	2340	15691882	3095677412	1E0
hsa03030	5	2340	2353448	3095677412	1E0
hsa05200	36	2340	34346893	3095677412	1E0
hsa00460	2	2340	394756	3095677412	1E0
hsa00410	5	2340	2420583	3095677412	1E0
hsa00380	5	2340	2551780	3095677412	1E0
hsa05221	8	2340	5200586	3095677412	1E0
hsa05322	8	2340	5282920	3095677412	1E0
hsa00120	3	2340	1087527	3095677412	1E0
hsa04520	15	2340	12327443	3095677412	1E0
hsa05414	17	2340	14471817	3095677412	1E0
hsa05143	6	2340	3584262	3095677412	1E0
hsa05223	10	2340	7391799	3095677412	1E0
hsa04725	18	2340	15843583	3095677412	1E0
hsa05010	15	2340	13062536	3095677412	1E0
hsa05160	11	2340	8959778	3095677412	1E0
hsa05410	15	2340	13227660	3095677412	1E0
hsa04390	20	2340	18774920	3095677412	1E0
hsa02010	7	2340	4937127	3095677412	1E0
hsa05222	12	2340	10094450	3095677412	1E0
hsa00340	3	2340	1404179	3095677412	1E0
hsa05150	5	2340	3164036	3095677412	1E0
hsa04510	25	2340	24932625	3095677412	1E0
hsa04710	5	2340	3238021	3095677412	1E0
hsa03440	4	2340	2352125	3095677412	1E0
hsa04144	21	2340	20544157	3095677412	1E0
hsa04672	4	2340	2403638	3095677412	1E0
hsa04742	6	2340	4326263	3095677412	1E0
hsa05412	17	2340	16193378	3095677412	1E0
hsa05310	3	2340	1593001	3095677412	1E0
hsa04740	13	2340	11863310	3095677412	1E0
hsa04744	3	2340	1623579	3095677412	1E0
hsa04915	13	2340	12206482	3095677412	1E0
hsa04727	13	2340	12287622	3095677412	1E0
hsa00603	2	2340	913225	3095677412	1E0
hsa05205	23	2340	24093727	3095677412	1E0
hsa04726	14	2340	13724780	3095677412	1E0
hsa03010	5	2340	3847496	3095677412	1E0
hsa04020	23	2340	24491269	3095677412	1E0
hsa04970	12	2340	11629917	3095677412	1E0
hsa00310	5	2340	3975724	3095677412	1E0
hsa04960	5	2340	3992987	3095677412	1E0
hsa05016	12	2340	11879152	3095677412	1E0
hsa04380	10	2340	9630814	3095677412	1E0
hsa05100	11	2340	10893876	3095677412	1E0
hsa04122	1	2340	318269	3095677412	1E0
hsa04914	9	2340	8674576	3095677412	1E0
hsa00983	4	2340	3160008	3095677412	1E0
hsa00970	4	2340	3196562	3095677412	1E0
hsa05164	11	2340	11108415	3095677412	1E0
hsa03008	5	2340	4319085	3095677412	1E0
hsa03015	7	2340	6599523	3095677412	1E0
hsa05320	4	2340	3278201	3095677412	1E0
hsa00514	3	2340	2233439	3095677412	1E0
hsa05031	9	2340	8953911	3095677412	1E0
hsa04310	13	2340	13677095	3095677412	1E0
hsa04912	11	2340	11315084	3095677412	1E0
hsa04723	15	2340	16232666	3095677412	1E0
hsa00500	4	2340	3373478	3095677412	1E0
hsa04360	20	2340	22498557	3095677412	1E0
hsa04514	19	2340	21630320	3095677412	1E0
hsa00430	1	2340	473419	3095677412	1E0
hsa05014	5	2340	4828074	3095677412	1E0
hsa04911	12	2340	13232485	3095677412	1E0
hsa05330	3	2340	2565842	3095677412	1E0
hsa05323	5	2340	4874187	3095677412	1E0
hsa05034	10	2340	10902757	3095677412	1E0
hsa00072	1	2340	498013	3095677412	1E0
hsa05168	10	2340	10981610	3095677412	1E0
hsa04662	7	2340	7348174	3095677412	1E0
hsa05215	8	2340	8657894	3095677412	1E0
hsa05332	3	2340	2699097	3095677412	1E0
hsa00790	1	2340	538823	3095677412	1E0
hsa04114	9	2340	9918861	3095677412	1E0
hsa05133	4	2340	3887429	3095677412	1E0
hsa00565	3	2340	2746157	3095677412	1E0
hsa04340	4	2340	3918448	3095677412	1E0
hsa05219	3	2340	2748619	3095677412	1E0
hsa05416	8	2340	8759549	3095677412	1E0
hsa05340	2	2340	1668367	3095677412	1E0
hsa05162	7	2340	7739354	3095677412	1E0
hsa00650	2	2340	1710914	3095677412	1E0
hsa04940	4	2340	4133099	3095677412	1E0
hsa00760	2	2340	1800581	3095677412	1E0
hsa00740	1	2340	674522	3095677412	1E0
hsa05145	8	2340	9282403	3095677412	1E0
hsa00250	2	2340	1881906	3095677412	1E0
hsa05131	5	2340	5604619	3095677412	1E0
hsa03022	3	2340	3115146	3095677412	1E0
hsa00140	3	2340	3132404	3095677412	1E0
hsa04146	4	2340	4386177	3095677412	1E0
hsa04920	5	2340	5671489	3095677412	1E0
hsa04975	2	2340	1926895	3095677412	1E0
hsa05214	6	2340	6958161	3095677412	1E0
hsa04670	10	2340	12143544	3095677412	1E0
hsa04910	10	2340	12148079	3095677412	1E0
hsa05203	12	2340	14738057	3095677412	1E0
hsa05140	4	2340	4494013	3095677412	1E0
hsa05161	9	2340	10925839	3095677412	1E0
hsa05202	12	2340	15064609	3095677412	1E0
hsa04270	13	2340	16374219	3095677412	1E0
hsa04145	8	2340	9912645	3095677412	1E0
hsa04540	10	2340	12618448	3095677412	1E0
hsa03460	3	2340	3454556	3095677412	1E0
hsa05142	7	2340	8735183	3095677412	1E0
hsa05110	4	2340	4839706	3095677412	1E0
hsa04622	3	2340	3536562	3095677412	1E0
hsa04614	1	2340	919562	3095677412	1E0
hsa04066	7	2340	8888798	3095677412	1E0
hsa05033	5	2340	6270093	3095677412	1E0
hsa00071	2	2340	2275806	3095677412	1E0
hsa00920	1	2340	959260	3095677412	1E0
hsa00511	1	2340	961176	3095677412	1E0
hsa00190	4	2340	5020509	3095677412	1E0
hsa04961	5	2340	6371557	3095677412	1E0
hsa05218	6	2340	7795931	3095677412	1E0
hsa05213	6	2340	7907674	3095677412	1E0
hsa04130	2	2340	2456865	3095677412	1E0
hsa00051	2	2340	2527847	3095677412	1E0
hsa00900	1	2340	1142732	3095677412	1E0
hsa05146	9	2340	12263758	3095677412	1E0
hsa04612	3	2340	4004783	3095677412	1E0
hsa04721	5	2340	6852664	3095677412	1E0
hsa04978	2	2340	2703470	3095677412	1E0
hsa00620	2	2340	2841339	3095677412	1E0
hsa00563	1	2340	1360481	3095677412	1E0
hsa04260	5	2340	7295007	3095677412	1E0
hsa04650	7	2340	10170149	3095677412	1E0
hsa04722	8	2340	11649696	3095677412	1E0
hsa00980	2	2340	2962270	3095677412	1E0
hsa04966	1	2340	1426085	3095677412	1E0
hsa04064	4	2340	5968498	3095677412	1E0
hsa04810	16	2340	23028147	3095677412	1E0
hsa00520	2	2340	3021261	3095677412	1E0
hsa00564	5	2340	7550778	3095677412	1E0
hsa00630	1	2340	1483652	3095677412	1E0
hsa05012	4	2340	6100677	3095677412	1E0
hsa00601	1	2340	1518623	3095677412	1E0
hsa04917	4	2340	6162723	3095677412	1E0
hsa05212	4	2340	6180357	3095677412	1E0
hsa04370	4	2340	6181929	3095677412	1E0
hsa04530	13	2340	19140976	3095677412	1E0
hsa04150	4	2340	6285688	3095677412	1E0
hsa04728	12	2340	17962877	3095677412	1E0
hsa01040	1	2340	1615497	3095677412	1E0
hsa04977	1	2340	1634779	3095677412	1E0
hsa04621	2	2340	3336564	3095677412	1E0
hsa04140	1	2340	1697327	3095677412	1E0
hsa00062	1	2340	1715692	3095677412	1E0
hsa00604	1	2340	1751413	3095677412	1E0
hsa00280	2	2340	3459371	3095677412	1E0
hsa00240	4	2340	6731501	3095677412	1E0
hsa00531	1	2340	1837185	3095677412	1E0
hsa00052	1	2340	1874097	3095677412	1E0
hsa05152	7	2340	11479075	3095677412	1E0
hsa03060	1	2340	1908490	3095677412	1E0
hsa00512	3	2340	5310530	3095677412	1E0
hsa05210	4	2340	6906728	3095677412	1E0
hsa00600	2	2340	3741074	3095677412	1E0
hsa04142	4	2340	7007594	3095677412	1E0
hsa00350	1	2340	2003502	3095677412	1E0
hsa05220	4	2340	7184311	3095677412	1E0
hsa03050	1	2340	2101113	3095677412	1E0
hsa04115	2	2340	3946599	3095677412	1E0
hsa04623	1	2340	2203881	3095677412	1E0
hsa03040	3	2340	5780275	3095677412	1E0
hsa00562	4	2340	7554879	3095677412	1E0
hsa04062	10	2340	16980827	3095677412	1E0
hsa05144	1	2340	2326942	3095677412	1E0
hsa03018	2	2340	4313151	3095677412	1E0
hsa00532	1	2340	2428972	3095677412	1E0
hsa04210	3	2340	6334423	3095677412	1E0
hsa05169	8	2340	14576173	3095677412	1E0
hsa00510	2	2340	4600703	3095677412	1E0
hsa04350	3	2340	6427662	3095677412	1E0
hsa04666	5	2340	10251610	3095677412	1E0
hsa05030	2	2340	4925926	3095677412	1E0
hsa00010	1	2340	2897156	3095677412	1E0
hsa00330	1	2340	2904048	3095677412	1E0
hsa00640	1	2340	2967288	3095677412	1E0
hsa04320	1	2340	3028915	3095677412	1E0
hsa05120	2	2340	5150225	3095677412	1E0
hsa00590	1	2340	3256716	3095677412	1E0
hsa05132	2	2340	5513146	3095677412	1E0
hsa01100	51	2340	81284958	3095677412	1E0
hsa04620	2	2340	5659533	3095677412	1E0
hsa04930	2	2340	5703914	3095677412	1E0
hsa04973	1	2340	3523034	3095677412	1E0
hsa04664	3	2340	7756368	3095677412	1E0
hsa05130	1	2340	3592818	3095677412	1E0
hsa00534	1	2340	3650478	3095677412	1E0
hsa04060	6	2340	13408711	3095677412	1E0
hsa04120	6	2340	13509239	3095677412	1E0
hsa04660	4	2340	9942137	3095677412	1E0
hsa04962	1	2340	3827233	3095677412	1E0
hsa05211	2	2340	6236072	3095677412	1E0
hsa04330	1	2340	3950232	3095677412	1E0
hsa03013	3	2340	8635779	3095677412	1E0
hsa04110	3	2340	8670830	3095677412	1E0
hsa04668	3	2340	9079538	3095677412	1E0
hsa04630	3	2340	9328919	3095677412	1E0
hsa04070	4	2340	11768694	3095677412	1E0
hsa00561	1	2340	5208447	3095677412	1E0
hsa04141	4	2340	12505309	3095677412	1E0
hsa04010	11	2340	27756301	3095677412	1E0
hsa04012	3	2340	13436029	3095677412	1E0
