; BCL_disc1 BCLAF1_K562_encode-Myers_seq_hsa_M33-P5B11_r1:MDscan#2#Intergenic
A |	0.413462	0.086538	0.144231	0.0	0.028846	1.0	0.971154	0.009615	0.0	0.086538	
C |	0.105769	0.721154	0.855769	0.0	0.0	0.0	0.0	0.038462	0.201923	0.057692	
G |	0.432692	0.192308	0.0	1.0	0.971154	0.0	0.0	0.932692	0.0	0.711539	
T |	0.048077	0.0	0.0	0.0	0.0	0.0	0.028846	0.019231	0.798077	0.144231	
//
; BCL_disc8 BCLAF1_K562_encode-Myers_seq_hsa_M33-P5B11_r1:AlignACE#3#Intergenic
A |	0.0	0.0	0.245283	0.238026	0.25254	0.0	0.0	0.269956	0.0	0.148041	0.166909	0.0	0.208999	0.0	
C |	0.349782	0.555878	0.269956	0.268505	0.232221	0.412192	0.632801	0.229318	0.339623	0.532656	0.312046	0.409289	0.364296	0.406386	
G |	0.650218	0.444122	0.251089	0.278665	0.280116	0.587808	0.367199	0.255443	0.660377	0.319303	0.413643	0.590711	0.426705	0.593614	
T |	0.0	0.0	0.233672	0.214804	0.235123	0.0	0.0	0.245283	0.0	0.0	0.107402	0.0	0.0	0.0	
//
; BCL_disc10 BCLAF1_GM12878_encode-Myers_seq_hsa_v041610.1-M33-P5B11_r1:AlignACE#3#Intergenic
A |	0.0	0.175268	0.258033	0.0	0.001947	0.184031	0.0	0.372931	0.278481	0.0	
C |	0.319377	0.412853	0.290166	0.336904	0.712756	0.177215	0.236611	0.333009	0.14703	0.394352	
G |	0.680623	0.411879	0.451801	0.663096	0.285297	0.458617	0.763389	0.29406	0.574489	0.605648	
T |	0.0	0.0	0.0	0.0	0.0	0.180136	0.0	0.0	0.0	0.0	
//
; BCL_disc9 BCLAF1_GM12878_encode-Myers_seq_hsa_v041610.1-M33-P5B11_r1:AlignACE#1#Intergenic
A |	0.0	0.0	0.03432	0.261538	0.0	0.0	0.118343	0.163314	0.110059	0.263905	0.218935	0.0	0.280473	0.0	
C |	0.448521	0.472189	0.536095	0.236686	0.36568	0.605917	0.39645	0.294675	0.4	0.24142	0.228402	0.572781	0.247337	0.305325	
G |	0.551479	0.527811	0.32426	0.248521	0.63432	0.394083	0.485207	0.467456	0.429586	0.213018	0.313609	0.427219	0.261538	0.694675	
T |	0.0	0.0	0.105325	0.253254	0.0	0.0	0.0	0.074556	0.060355	0.281657	0.239053	0.0	0.210651	0.0	
//
