; AP1_disc4 JUND_GM12878_encode-Snyder_seq_hsa_r1:AlignACE#2#Intergenic
A |	1.0	0.0	0.0	0.209877	1.0	0.283951	0.592593	0.246914	0.209877	0.0	1.0	0.790123	1.0	
C |	0.0	0.296296	0.0	0.790123	0.0	0.061728	0.08642	0.358025	0.0	0.0	0.0	0.0	0.0	
G |	0.0	0.555556	0.0	0.0	0.0	0.098765	0.024691	0.17284	0.098765	1.0	0.0	0.209877	0.0	
T |	0.0	0.148148	1.0	0.0	0.0	0.555556	0.296296	0.222222	0.691358	0.0	0.0	0.0	0.0	
//
; MA0491.1 JUND
A|	0.3200465	0.39170757	0.0	0.0	1.0	0.0	0.0	0.039963834	1.0	0.0	0.14947042
C|	0.019607337	0.12461896	0.0	0.0	0.0	0.5904676	0.0	0.96003616	0.0	0.1326789	0.3863601
G|	0.35236374	0.48367348	0.0	1.0	0.0	0.36367863	0.0	0.0	0.0	0.059442006	0.32107982
T|	0.30798244	0.0	1.0	0.0	0.0	0.045853786	1.0	0.0	0.0	0.8078791	0.14308964
//
; AP1_disc1 JUND_K562_encode-Snyder_seq_hsa_r1:MEME#1#Intergenic
A |	0.418269	0.0	0.0	0.980769	0.004808	0.081731	0.0	0.072115	0.995192	0.004808	
C |	0.168269	0.0	0.0	0.0	0.937499	0.033654	0.0	0.927885	0.0	0.461538	
G |	0.413462	0.0	0.927885	0.019231	0.019231	0.879807	0.0	0.0	0.0	0.096154	
T |	0.0	1.0	0.072115	0.0	0.038462	0.004808	1.0	0.0	0.004808	0.4375	
//
; AP1_disc6 JUND_H1-hESC_encode-Myers_seq_hsa_v041610.2_r1:MEME#2#Intergenic
A |	0.144444	0.055556	0.066667	0.311111	0.033333	0.044444	0.033333	0.0	0.366667	0.0	0.077778	0.055556	0.0	0.0	0.0	
C |	0.277778	0.699999	0.655555	0.044444	0.555556	0.033333	0.911112	1.0	0.0	0.077778	0.1	0.2	0.122222	0.0	0.033333	
G |	0.111111	0.166667	0.088889	0.344444	0.277778	0.177778	0.044444	0.0	0.588889	0.866666	0.822222	0.055556	0.0	0.0	0.0	
T |	0.466667	0.077778	0.188889	0.3	0.133333	0.744445	0.011111	0.0	0.044444	0.055556	0.0	0.688888	0.877778	1.0	0.966667	
//
; MA0492.1 JUND (var.2)
A|	0.34040022	0.39951235	0.33483988	0.40486455	0.75367963	0.0	0.0	1.0	0.0	0.15235943	0.0	0.2614552	1.0	0.007939104	0.304927
C|	0.12863132	0.09598287	0.14379591	0.07290892	0.0050251256	0.0	0.0	0.0	0.30941692	0.054235674	0.11700515	0.73435223	0.0	0.16264756	0.3223514
G|	0.23775683	0.25931433	0.24114656	0.468645	0.24129523	0.0	0.9964319	0.0	0.24640957	0.7934049	0.0	0.0041925604	0.0	0.07157087	0.18884362
T|	0.2932116	0.24519046	0.28021765	0.053581517	0.0	1.0	0.0035681366	0.0	0.44417354	0.0	0.88299483	0.0	0.0	0.7578425	0.18387797
//
