; MA0137.3 STAT1
A|	0.10085423	0.0	0.0	0.09947644	0.030035822	0.47919536	0.044915956	0.007991182	0.99751997	0.99862224	0.5177735
C|	0.2014329	0.014329016	0.001653348	0.8988702	0.553596	0.0	0.0	0.0019289061	0.0	0.00137779	0.08569854
G|	0.21631303	0.0	0.030311381	0.001653348	0.0	0.45108846	0.955084	0.9440617	0.0024800221	0.0	0.19977956
T|	0.48139983	0.985671	0.9680353	0.0	0.41636816	0.06971618	0.0	0.046018187	0.0	0.0	0.19674842
//
; STAT_known2	STAT1_1	STAT1_transfac_M00224
A |	0.08	0.232232	0.138723	0.175175	0.595405	0.311688	0.0	0.0	0.039	0.0	0.0	0.0	0.038038	1.0	1.0	0.362637	0.111	0.198198	0.248	0.125125	0.317682	
C |	0.18	0.097097	0.312375	0.379379	0.134865	0.262737	0.0	0.0	0.909	1.0	0.325	0.0	0.0	0.0	0.0	0.087912	0.111	0.105105	0.127	0.367367	0.125874	
G |	0.419	0.372372	0.197605	0.381381	0.150849	0.093906	0.0	0.0	0.02	0.0	0.675	1.0	0.94995	0.0	0.0	0.294705	0.111	0.696697	0.466	0.492492	0.396603	
T |	0.321	0.298298	0.351297	0.064064	0.118881	0.331668	1.0	1.0	0.032	0.0	0.0	0.0	0.012012	0.0	0.0	0.254745	0.667	0.0	0.159	0.015015	0.15984	
//
; STAT_disc3 STAT1_K562_encode-Snyder_seq_hsa_IFNa6h_r1:AlignACE#1#Intergenic
A |	0.1875	0.6875	1.0	1.0	0.4	0.16875	0.0	1.0	1.0	1.0	0.0	0.05	
C |	0.0	0.0	0.0	0.0	0.24375	0.24375	0.0	0.0	0.0	0.0	0.7	0.24375	
G |	0.8125	0.3125	0.0	0.0	0.2	0.13125	1.0	0.0	0.0	0.0	0.3	0.0	
T |	0.0	0.0	0.0	0.0	0.15625	0.45625	0.0	0.0	0.0	0.0	0.0	0.70625	
//
; MA0517.1 STAT2::STAT1
A|	0.11129032	0.24193548	0.6935484	0.0048387097	0.0	0.0048387097	0.0048387097	0.0	0.41129032	0.17258064	0.006451613	0.016129032	0.006451613	0.024193548	0.045161292
C|	0.1016129	0.37096775	0.011290323	0.23870967	0.0032258064	0.0032258064	0.020967742	0.9370968	0.12096774	0.17903225	0.020967742	0.0032258064	0.27419356	0.7887097	0.58870965
G|	0.12419355	0.13548388	0.2435484	0.7532258	0.0	0.0	0.006451613	0.0	0.30806452	0.2596774	0.016129032	0.0	0.006451613	0.014516129	0.058064517
T|	0.66290325	0.2516129	0.051612902	0.0032258064	0.9967742	0.9919355	0.9677419	0.062903225	0.15967742	0.38870966	0.9564516	0.9806452	0.7129032	0.17258064	0.30806452
//
; STAT_known10	STAT1_3	STAT1_transfac_M00496
A |	0.227723	0.383838	0.15	0.0	0.02	0.29	0.08	0.19	
C |	0.326733	0.171717	0.13	0.0	0.0	0.67	0.56	0.31	
G |	0.346535	0.171717	0.12	0.04	0.02	0.04	0.15	0.31	
T |	0.09901	0.272727	0.6	0.96	0.96	0.0	0.21	0.19	
//
; STAT_disc1 STAT1_HeLa-S3_encode-Snyder_seq_hsa_IFNg30_r1:MDscan#1#Intergenic
A |	0.145594	0.0	0.0	0.076628	0.0	0.310345	0.0	0.0	1.0	1.0	
C |	0.295019	0.0	0.0	0.923372	0.931034	0.199234	0.0	0.0	0.0	0.0	
G |	0.130268	0.0	0.0	0.0	0.0	0.164751	1.0	0.869732	0.0	0.0	
T |	0.429119	1.0	1.0	0.0	0.068966	0.32567	0.0	0.130268	0.0	0.0	
//
; STAT_known17	STAT1_4	STAT1_jaspar_MA0137.2
A |	0.100144	0.412981	0.120615	0.004805	0.003841	0.050839	0.011031	0.253237	0.333813	0.02542	0.911271	0.973621	0.457774	0.161538	0.20077	
C |	0.518055	0.238462	0.275829	0.010572	0.006721	0.921343	0.911271	0.365468	0.014868	0.014388	0.059472	0.008153	0.1262	0.365385	0.387097	
G |	0.199807	0.134135	0.069198	0.005286	0.018243	0.006715	0.003357	0.055156	0.619664	0.815348	0.013909	0.011031	0.264875	0.129808	0.204622	
T |	0.181993	0.214423	0.534358	0.979337	0.971195	0.021103	0.074341	0.326139	0.031655	0.144844	0.015348	0.007194	0.151152	0.343269	0.207511	
//
; STAT_known7	STAT1_2	STAT1_transfac_M00492
A |	0.06	0.62	0.262626	0.019802	0.02	0.05	0.019802	0.019802	
C |	0.57	0.13	0.272727	0.019802	0.03	0.89	0.940594	0.475248	
G |	0.23	0.14	0.10101	0.019802	0.02	0.02	0.019802	0.485149	
T |	0.14	0.11	0.363636	0.940594	0.93	0.04	0.019802	0.019802	
//
