; TATA_known6	TBP_6	Tbp_bulyk_sc09-primary
A |	0.221327	0.124324	0.291647	0.381252	0.274538	0.652158	0.082858	0.767761	0.22811	0.905892	0.336043	0.666622	0.468941	0.368784	0.195946	0.347848	
C |	0.269618	0.399377	0.232852	0.098493	0.038963	0.005017	0.007221	0.002085	0.002044	0.004029	0.006783	0.019877	0.109491	0.290439	0.133081	0.220011	
G |	0.215905	0.122464	0.12287	0.105716	0.019877	0.006783	0.004029	0.002044	0.002085	0.007221	0.005017	0.038963	0.09795	0.104608	0.219649	0.228182	
T |	0.29315	0.353835	0.35263	0.414539	0.666622	0.336043	0.905892	0.22811	0.767761	0.082858	0.652158	0.274538	0.323618	0.236168	0.451325	0.203959	
//
; TATA_disc6 TBP_GM12878_encode-Snyder_seq_hsa_IgG-mus_r1:MEME#1#Intergenic
A |	0.0	0.0	0.0	0.0	0.043478	1.0	0.0	0.021739	0.0	0.0	
C |	0.152174	0.043478	0.673913	0.195652	0.217391	0.0	0.0	0.0	0.0	0.0	
G |	0.0	0.152174	0.108696	0.021739	0.717392	0.0	0.021739	0.0	0.978261	1.0	
T |	0.847826	0.804348	0.217391	0.782609	0.021739	0.0	0.978261	0.978261	0.021739	0.0	
//
; MA0108.2 TBP
A|	0.15681234	0.041131105	0.90488434	0.0077120825	0.9100257	0.688946	0.92544985	0.5706941	0.3984576	0.14395887	0.21336761	0.21079692	0.21079692	0.17480719	0.19794345
C|	0.37275064	0.11825193	0.0	0.025706941	0.0	0.0	0.0077120825	0.005141388	0.11311054	0.3470437	0.37789202	0.32647815	0.3033419	0.27506426	0.2596401
G|	0.3907455	0.046272494	0.005141388	0.005141388	0.012853471	0.0	0.051413883	0.11311054	0.40359896	0.3856041	0.32904884	0.32904884	0.32904884	0.35732648	0.35989717
T|	0.079691514	0.7943445	0.08997429	0.9614396	0.077120826	0.311054	0.015424165	0.311054	0.08483291	0.12339332	0.079691514	0.1336761	0.15681234	0.19280206	0.18251929
//
; TATA_known1	TBP_1	TATA_transfac_M00216
A |	0.224551	0.0	0.024682	0.729993	0.0	1.0	0.928144	1.0	1.0	0.293413	
C |	0.291168	0.762154	0.249065	0.0	0.0	0.0	0.0	0.0	0.0	0.101796	
G |	0.185629	0.198953	0.0	0.0	0.0	0.0	0.0	0.0	0.0	0.457335	
T |	0.298653	0.038893	0.726253	0.270007	1.0	0.0	0.071856	0.0	0.0	0.147455	
//
; TATA_known5	TBP_5	TBP_jaspar_MA0108.2
A |	0.156812	0.041131	0.904884	0.007712	0.910026	0.688946	0.92545	0.570694	0.398458	0.143959	0.213368	0.210797	0.210797	0.174807	0.197943	
C |	0.372751	0.118252	0.0	0.025707	0.0	0.0	0.007712	0.005141	0.113111	0.347044	0.377892	0.326478	0.303342	0.275064	0.25964	
G |	0.390746	0.046272	0.005141	0.005141	0.012853	0.0	0.051414	0.113111	0.403599	0.385604	0.329049	0.329049	0.329049	0.357326	0.359897	
T |	0.079692	0.794344	0.089974	0.96144	0.077121	0.311054	0.015424	0.311054	0.084833	0.123393	0.079692	0.133676	0.156812	0.192802	0.182519	
//
; TATA_known3	TBP_3	TBP_transfac_M00471
A |	0.06383	0.723404	0.0	1.0	1.0	0.851064	0.06383	0.446809	
C |	0.085106	0.0	0.0	0.0	0.0	0.021277	0.06383	0.085106	
G |	0.191489	0.12766	0.0	0.0	0.0	0.085106	0.12766	0.085106	
T |	0.659574	0.148936	1.0	0.0	0.0	0.042553	0.744681	0.382979	
//
; MA0386.1 TBP
A|	0.2778335	0.33801404	0.2537613	0.16048144	0.5466399	0.11534604	0.28786358	0.332999	0.9097292	0.012036108	0.98395187	0.038114343	0.97291875	0.044132397	0.88565695	0.18655968	0.26479438	0.13741224	0.2668004	0.35105315	0.24874625
C|	0.25075227	0.19157472	0.3460381	0.2006018	0.13941826	0.098294884	0.19859579	0.11033099	0.007021063	0.007021063	0.002006018	0.001003009	0.002006018	0.004012036	0.01003009	0.06218656	0.1223671	0.38114342	0.22868606	0.17652959	0.19358075
G|	0.3871615	0.14744233	0.08826479	0.1544634	0.1544634	0.7031093	0.2668004	0.027081244	0.025075225	0.023069208	0.004012036	0.005015045	0.006018054	0.003009027	0.024072217	0.09428285	0.12938817	0.37011033	0.38515547	0.17251755	0.27081245
T|	0.08425276	0.32397193	0.31394184	0.48545638	0.16048144	0.08425276	0.24774323	0.5305918	0.059177533	0.95787364	0.012036108	0.9568706	0.02006018	0.94984955	0.08124373	0.6589769	0.48445335	0.11233701	0.121364094	0.30190572	0.2868606
//
; TATA_known4	TBP_4	TBP_transfac_M00980
A |	0.05	0.0	0.0	0.75	0.1	0.6	0.1	
C |	0.05	0.0	0.0	0.1	0.0	0.15	0.4	
G |	0.05	0.0	0.0	0.05	0.0	0.1	0.25	
T |	0.85	1.0	1.0	0.1	0.9	0.15	0.25	
//
; TATA_disc4 TBP_K562_encode-Snyder_seq_hsa_IgG-mus_r1:MEME#1#Intergenic
A |	0.146341	0.121951	0.0	0.0	0.0	0.073171	0.0	0.146341	0.0	0.195122	
C |	0.0	0.0	0.0	0.0	0.926829	0.0	0.0	0.036585	0.0	0.756098	
G |	0.707318	0.878049	1.0	1.0	0.0	0.926829	0.865854	0.817074	0.97561	0.02439	
T |	0.146341	0.0	0.0	0.0	0.073171	0.0	0.134146	0.0	0.02439	0.02439	
//
; TATA_known2	TBP_2	TATA_transfac_M00252
A |	0.156812	0.041131	0.904884	0.007712	0.910026	0.688946	0.92545	0.570694	0.398458	0.143959	0.213368	0.210797	0.210797	0.174807	0.197943	
C |	0.372751	0.118252	0.0	0.025707	0.0	0.0	0.007712	0.005141	0.113111	0.347044	0.377892	0.326478	0.303342	0.275064	0.25964	
G |	0.390746	0.046272	0.005141	0.005141	0.012853	0.0	0.051414	0.113111	0.403599	0.385604	0.329049	0.329049	0.329049	0.357326	0.359897	
T |	0.079692	0.794344	0.089974	0.96144	0.077121	0.311054	0.015424	0.311054	0.084833	0.123393	0.079692	0.133676	0.156812	0.192802	0.182519	
//
; TATA_disc9 TBP_GM12878_encode-Snyder_seq_hsa_IgG-mus_r1:MDscan#2#Intergenic
A |	0.81081	0.094595	0.364865	0.054054	0.067568	0.0	0.932432	0.445946	0.783783	0.175676	
C |	0.0	0.054054	0.040541	0.027027	0.0	1.0	0.0	0.0	0.013514	0.121622	
G |	0.094595	0.0	0.0	0.0	0.932432	0.0	0.027027	0.027027	0.067568	0.013514	
T |	0.094595	0.851351	0.594594	0.918919	0.0	0.0	0.040541	0.527027	0.135135	0.689188	
//
