; NFKB_known3	NFKB_1	NF-kappaB_transfac_M00054
A |	0.0	0.0	0.025	0.675	0.525	0.2	0.025	0.05	0.075	0.0	
C |	0.0	0.0	0.0	0.0	0.325	0.025	0.05	0.45	0.9	0.95	
G |	1.0	1.0	0.975	0.325	0.025	0.075	0.05	0.0	0.0	0.0	
T |	0.0	0.0	0.0	0.0	0.125	0.7	0.875	0.5	0.025	0.05	
//
; NFKB_known11	NFKB2_1	NFKB2_jolma_DBD_M190
A |	0.42782	0.006124	6.2E-5	4.81E-4	0.158606	0.772422	0.460091	0.080227	0.061968	0.019732	1.57E-4	6.19E-4	0.117299	
C |	0.208436	0.005881	6.2E-5	3.01E-4	6.55E-4	0.090054	0.005327	0.095411	0.800858	0.9768	0.999607	0.997369	0.255339	
G |	0.195706	0.987752	0.999689	0.965249	0.781954	0.078901	0.004528	0.073661	0.001382	7.7E-5	7.9E-5	2.32E-4	0.167614	
T |	0.168039	2.43E-4	1.87E-4	0.033969	0.058785	0.058623	0.530054	0.750701	0.135792	0.003391	1.57E-4	0.00178	0.459748	
//
; NFKB_known7	NFKB_5	NF-kappaB_jaspar_MA0061.1
A |	0.0	0.0	0.026316	0.657895	0.5	0.184211	0.026316	0.052632	0.052632	0.0	
C |	0.0	0.0	0.0	0.0	0.342105	0.026316	0.052632	0.447368	0.921053	0.947368	
G |	1.0	1.0	0.973684	0.342105	0.026316	0.078947	0.052632	0.0	0.0	0.0	
T |	0.0	0.0	0.0	0.0	0.131579	0.710526	0.868421	0.5	0.026316	0.052632	
//
; NFKB_known4	NFKB_2	NF-kappaB_transfac_M00194
A |	0.307692	0.153846	0.0	0.0	0.076923	1.0	0.461538	0.076923	0.0	0.076923	0.076923	0.0	0.153846	0.230769	
C |	0.076923	0.0	0.0	0.0	0.0	0.0	0.461538	0.076923	0.230769	0.230769	0.923077	0.923077	0.307692	0.307692	
G |	0.307692	0.615385	0.846154	1.0	0.923077	0.0	0.0	0.153846	0.0	0.0	0.0	0.0	0.230769	0.230769	
T |	0.307692	0.230769	0.153846	0.0	0.0	0.0	0.076923	0.692308	0.769231	0.692308	0.0	0.076923	0.307692	0.230769	
//
; NFKB_disc4 NFKB1_GM18951_encode-Snyder_seq_hsa_IgG-rab_r1:Trawler#2#Intergenic
A |	1.0	1.0	0.869565	0.0	0.0	0.0	0.0	0.0	0.304348	
C |	0.0	0.0	0.0	0.391304	0.0	1.0	1.0	1.0	0.695652	
G |	0.0	0.0	0.130435	0.608696	0.0	0.0	0.0	0.0	0.0	
T |	0.0	0.0	0.0	0.0	1.0	0.0	0.0	0.0	0.0	
//
; NFKB_known9	RELA_2	RELA_jaspar_MA0107.1
A |	0.0	0.0	0.0	0.611111	0.555556	0.111111	0.0	0.0	0.0	0.0	
C |	0.222222	0.0	0.0	0.0	0.166667	0.0	0.0	0.111111	1.0	1.0	
G |	0.611111	0.944444	1.0	0.388889	0.222222	0.0	0.0	0.0	0.0	0.0	
T |	0.166667	0.055556	0.0	0.0	0.055556	0.888889	1.0	0.888889	0.0	0.0	
//
; NFKB_known5	NFKB_3	NF-kappaB_transfac_M00208
A |	0.265297	0.0	0.0	0.0	1.0	0.184018	0.062695	0.0	0.0	0.055276	0.034682	0.582481	
C |	0.133333	0.0	0.0	0.0	0.0	0.573516	0.0	0.264117	0.306803	0.944724	0.965318	0.213873	
G |	0.450228	1.0	1.0	1.0	0.0	0.0	0.0	0.0	0.0	0.0	0.0	0.115607	
T |	0.151142	0.0	0.0	0.0	0.0	0.242466	0.937305	0.735883	0.693197	0.0	0.0	0.088039	
//
; NFKB_known10	NFKB1_3	NFKB1_jolma_DBD_M189
A |	0.688387	4.72E-4	0.0	2.05E-4	0.011614	0.929534	0.507574	0.001391	0.001748	0.049517	4.17E-4	6.21E-4	0.080679	
C |	0.164166	0.0	1.56E-4	0.0	1.52E-4	0.004801	0.001305	0.082865	0.984473	0.950084	0.999271	0.998344	0.084742	
G |	0.080737	0.999266	0.99974	0.983478	0.986865	0.063574	0.002319	0.007332	4.11E-4	1.0E-4	1.04E-4	2.07E-4	0.219426	
T |	0.06671	2.62E-4	1.04E-4	0.016317	0.001369	0.002091	0.488802	0.908412	0.013368	2.99E-4	2.08E-4	8.28E-4	0.615153	
//
; NFKB_disc2 NFKB1_GM12878_encode-Snyder_seq_hsa_TNFa_r1:AlignACE#2#Intergenic
A |	0.0	0.0	0.4625	0.0	0.0	0.0	0.290625	0.53125	0.3	0.18125	0.0	0.0	
C |	0.35	0.68125	0.0	0.0	0.0	0.0	0.14375	0.25625	0.19375	0.159375	0.1875	0.5125	
G |	0.396875	0.31875	0.0	1.0	1.0	1.0	0.565625	0.2125	0.196875	0.253125	0.296875	0.278125	
T |	0.253125	0.0	0.5375	0.0	0.0	0.0	0.0	0.0	0.309375	0.40625	0.515625	0.209375	
//
; NFKB_known8	NFKB1_2	NFKB1_jaspar_MA0105.1
A |	0.0	0.0	0.0	0.111111	0.611111	0.277778	0.0	0.0	0.0	0.0	0.055556	
C |	0.0	0.0	0.0	0.0	0.055556	0.0	0.277778	0.722222	0.944444	1.0	0.833333	
G |	1.0	1.0	1.0	0.888889	0.333333	0.111111	0.111111	0.0	0.0	0.0	0.055556	
T |	0.0	0.0	0.0	0.0	0.0	0.611111	0.611111	0.277778	0.055556	0.0	0.055556	
//
; NFKB_known6	NFKB_4	NF-kappaB_transfac_M00774
A |	0.16	0.186667	0.253333	0.226667	0.106667	0.04	0.053333	0.613333	0.826667	0.946667	0.213333	0.053333	0.04	0.013333	0.133333	0.226667	
C |	0.2	0.253333	0.32	0.226667	0.12	0.026667	0.013333	0.0	0.04	0.026667	0.146667	0.2	0.906667	0.96	0.773333	0.28	
G |	0.36	0.293333	0.213333	0.28	0.466667	0.906667	0.893333	0.36	0.12	0.026667	0.293333	0.026667	0.0	0.0	0.013333	0.253333	
T |	0.28	0.266667	0.213333	0.266667	0.306667	0.026667	0.04	0.026667	0.013333	0.0	0.346667	0.72	0.053333	0.026667	0.08	0.24	
//
; NFKB_known2	RELA_1	NF-kappaB-(p65)_transfac_M00052
A |	0.0	0.0	0.0	0.611111	0.555556	0.111111	0.0	0.0	0.0	0.0	
C |	0.222222	0.0	0.0	0.0	0.166667	0.0	0.0	0.166667	1.0	1.0	
G |	0.555556	1.0	1.0	0.388889	0.166667	0.0	0.0	0.0	0.0	0.0	
T |	0.222222	0.0	0.0	0.0	0.111111	0.888889	1.0	0.833333	0.0	0.0	
//
; NFKB_known1	NFKB1_1	NF-kappaB-(p50)_transfac_M00051
A |	0.0	0.0	0.0	0.111111	0.888889	0.0	0.0	0.0	0.0	0.0	
C |	0.0	0.0	0.0	0.0	0.055556	0.0	0.388889	0.888889	1.0	0.944444	
G |	1.0	1.0	1.0	0.888889	0.0	0.166667	0.055556	0.0	0.0	0.055556	
T |	0.0	0.0	0.0	0.0	0.055556	0.833333	0.555556	0.111111	0.0	0.0	
//
; MA0105.3 NFKB1
A|	0.11150235	0.010758999	0.023669796	0.6144366	0.43583724	0.0	0.0	0.0	0.0	0.0	0.3090767
C|	0.062402193	0.0	0.0	0.043818466	0.23552425	0.0	0.010758999	0.2985133	0.950313	0.9831768	0.46850547
G|	0.5246479	0.989241	0.9589202	0.3198357	0.15884194	0.0	0.016431924	0.0	0.0	0.0	0.052621283
T|	0.30144757	0.0	0.017410016	0.021909233	0.16979656	1.0	0.9728091	0.7014867	0.04968701	0.016823161	0.16979656
//
; NFKB_disc3 NFKB1_GM10847_encode-Snyder_seq_hsa_IgG-rab_r1:Trawler#1#Intergenic
A |	0.939024	1.0	1.0	0.146341	0.121951	0.060976	0.0	0.04878	0.0	0.256098	
C |	0.012195	0.0	0.0	0.182927	0.878049	0.926829	1.0	0.890244	0.121951	0.280488	
G |	0.02439	0.0	0.0	0.073171	0.0	0.012195	0.0	0.012195	0.158537	0.195122	
T |	0.02439	0.0	0.0	0.597561	0.0	0.0	0.0	0.04878	0.719512	0.268293	
//
; NFKB_disc1 NFKB1_GM19193_encode-Snyder_seq_hsa_IgG-rab_r1:MDscan#1#Intergenic
A |	0.0	0.0	0.0	0.570833	0.8375	0.395833	0.0	0.0	0.0	0.0	
C |	0.0	0.0	0.0	0.0	0.158333	0.0	0.004167	0.383333	1.0	1.0	
G |	0.7375	1.0	1.0	0.429167	0.004167	0.0	0.0	0.0	0.0	0.0	
T |	0.2625	0.0	0.0	0.0	0.0	0.604167	0.995833	0.616667	0.0	0.0	
//
